000000001
000001011
000101110
010001101
000101111
101100011
001001010
101100010
001001010
110010010
101101100
010100010
000110101
101100101
001010010
101100100
001010010
101101100
010100010
000110101
101100101
000011111
000110001
101111101
110011100
001011011
101100110
000111001
101101110
110010010
011001001
011100010
001011001
101100111
001110001
000111001
101110111
000111010
101100110
000100001
101100111
001000111
001000001
100100001
000000001
101100111
001011011
101100110
000111010
101101110
110010010
011001001
011100010
001011010
101100111
001110001
000111010
101110111
000111001
101100110
000100001
101100111
001000111
001000001
100100011
111000000
000000001
000001011
000010101
000011111
000111101
010011100
000111100
101110110
101100100
000110001
101101100
000110001
101110111
000011111
000111110
010011101
000111100
000111001
101100111
000111001
101101111
000011111
000111011
010011100
000111111
000111101
101100110
000111001
101101110
000011111
000111110
010011101
000111011
101100111
000111001
101101111
110100000
000011111
000111110
010011101
000111111
101100110
000011111
000111101
010011100
001011001
101100111
000011111
000111001
010011110
001011010
101100110
000111001
101101110
000011111
000111110
010011101
000111011
101100111
000111001
101101111
110100001
000011111
000111110
010011101
000111111
101100110
000011111
000111101
010011100
101100111
000011111
000111001
010011110
101100110
000111001
101101110
000011111
000111110
010011101
000111011
101100111
000111001
101101111
110100010
000011111
000111110
010011101
000111111
101100110
000011111
000111101
010011100
000111001
101100111
000011111
000111001
010011110
000111010
101100110
000111001
101101110
000011111
000111110
010011101
000111011
101100111
000111001
101101111
110100011
000011111
000111110
010011101
000111111
101100110
000011111
000111101
010011100
000111010
101100111
000011111
000111001
010011110
000111100
101100110
000011111
000111110
010011101
000111011
101100111
000111001
101100111
110100100
000011111
000111110
010011101
000111111
101100110
000011111
000111101
010011100
000111011
101100111
001011001
101101110
011100010
001011001
101101110
011100010
001011001
101101110
011100010
001011001
101101110
011100010
000111100
101100111
000011111
000111101
010011100
000111100
101101110
001001010
101101010
110010010
101100110
001000001
101100000
010000101
001101011
010100011
000011111
000111001
010011110
000111100
101101110
001001001
010100010
000111111
000111100
101101110
010100011
000111101
101101110
000101111
000101111
000101111
000101111
000101001
101100011
110000100
001100001
010000101
110001100
010001111
001101100
010100011
000011111
000111101
010011100
101101110
010001100
010100011
000111001
101101110
010001010
010100011
000111001
101101110
010001001
010100011
000111001
101101110
010100011
000111001
101101110
000101111
000101111
000101111
000101111
101100011
000011111
000111001
010011110
000111111
000111111
000111110
101100110
001000111
001000111
001000111
001000111
001000010
100100101
